image: good_enough_map_for_now.pgm
resolution: 0.020000
origin: [-5.000000, -25.480000, 0.000000]
negate: 0
occupied_thresh: 0.65
free_thresh: 0.196

